446
831
61
100
103
599
820
288
170
572
485
493
520
450
148
347
88
248
106
351
615
785
866
416
615
102
690
159
165
695
555
528
845
553
841
212
714
222
187
424
491
427
352
443
347
695
763
817
87
123
496
231
50
705
153
692
844
782
554
458
820
868
855
580
425
138
622
315
177
56
528
240
749
83
56
753
579
562
414
318
405
510
307
93
356
344
375
555
879
367
307
773
425
651
645
723
673
77
725
92
85
321
730
499
640
833
813
842
503
327
294
695
299
737
377
436
145
31
242
361
99
733
680
12
835
455
110
438
194
755
624
261
168
467
113
628
288
204
165
299
240
328
208
663
170
107
346
406
669
512
270
665
862
725
349
635
526
531
788
381
368
784
454
324
839
231
134
846
188
40
704
318
57
785
111
652
161
769
506
308
472
570
401
33
410
548
300
173
20
206
12
613
504
617
744
838
536
163
217
51
155
840
352
734
712
254
54
309
559
594
12
332
647
809
208
56
508
743
452
264
523
873
692
672
63
742
342
307
332
611
628
862
531
694
328
727
314
326
344
292
699
352
184
868
566
391
239
311
359
292
651
618
228
685
226
117
413
358
773
658
174
688
600
617
698
70
876
131
723
169
352
635
65
700
468
210
127
637
182
858
199
447
318
45
518
391
227
524
747
611
26
134
659
768
164
507
371
644
399
328
326
67
156
124
59
807
538
251
632
786
206
293
535
373
435
695
97
484
650
374
459
732
772
396
753
214
118
155
160
338
498
307
575
855
459
615
633
284
32
154
719
422
735
327
343
645
548
701
491
546
798
459
463
410
439
13
43
568
369
436
869
157
213
406
428
860
57
286
25
64
158
157
826
221
445
571
784
596
148
460
753
44
617
523
729
46
425
626
114
358
626
230
606
283
614
46
29
279
353
352
351
129
517
358
354
394
597
512
428
853
272
851
261
291
361
606
149
596
55
781
813
206
101
105
188
29
211
117
442
257
587
104
449
532
654
706
41
226
359
208
200
220
307
558
285
686
27
716
463
434
531
658
654
542
454
263
606
513
691
460
644
360
200
341
169
57
864
122
205
372
733
142
342
229
708
494
434
767
96
599
65
517
614
236
566
309
652
269
229
171
743
394
644
98
344
637
243
312
540
531
650
338
497
201
623
564
236
253
475
464
624
273
68
425
243
840
357
23
422
607
780
171
859
599
675
395
639
246
49
519
107
22
200
736
642
815
115
382
436
662
577
177
599
542
873
79
768
273
180
195
143
622
637
838
498
776
608
580
266
353
256
823
630
502
413
531
396
292
251
269
855
652
381
276
469
221
77
339
484
140
788
811
32
533
533
475
392
299
665
90
409
860
611
118
92
637
151
265
493
102
